C: 0.0 0.0 0.0 0.0 0.2531315 0.0
R1:          1.000000        0.253132        0.000000        0.000000        0.000000        0.000000
R2:          0.000000        1.000000        0.000000        0.000000        0.000000        0.000000
R3:          0.000000        0.000000        0.995016        0.252711        0.000000        0.000000
R4:          0.000000        0.000000       -0.039344        0.995016        0.000000        0.000000
R5:          0.000000        0.000000        0.000000        0.000000        1.000000        0.000000
R6:          0.000000        0.000000        0.000000        0.000000        0.000000        1.000000
