
! *** OPTICS=FACET2-preRelease ***

! ------------------------------------------------------------------------------
! match
! ------------------------------------------------------------------------------

! LI19 bulk (201-801) I = 47.011 A, max boost < 14 A

KQ19201=  0.830309665322
KQ19301= -0.957992680017
KQ19401=  0.911819057822
KQ19501= -0.99324573669
KQ19601=  0.763474646882
KQ19701= -0.864211071507
KQ19801=  0.963956419261
KQ19851= -1.843805759451
KQ19871=  1.164313396055

RETURN
